1000 0.00010384799998064409
2000 0.00020813900027860655
3000 0.00038054600008763373
4000 0.00045757900034004706
5000 0.0005797109997729422
6000 0.0007414839997181844
7000 0.0008835210001052474
8000 0.001084387999981118
9000 0.001289245999942068
10000 0.0014769910003451514
11000 0.0016060869998000271
12000 0.001792395999927976
13000 0.001893598999686219
14000 0.0020726310003738035
15000 0.0021889929998906155
16000 0.0023495049999837647
17000 0.0024796869997771864
18000 0.0021333939998839924
19000 0.0020507139997789636
20000 0.002209264000157418
21000 0.0023442189999514085
22000 0.0023759919999974954
23000 0.0026526709998506703
24000 0.002593911000076332
25000 0.0028121129998908145
26000 0.003003625000019383
27000 0.0030025159999240714
28000 0.0031452970001737413
29000 0.0032718819998081017
30000 0.003352854000240768
31000 0.003429235000112385
32000 0.003606629000387329
33000 0.0038404739998441073
34000 0.003838045999600581
35000 0.004120014999898558
36000 0.0040747379998720135
37000 0.004265124000085052
38000 0.004301826999835612
39000 0.0044170819996907085
40000 0.0046075770001152705
41000 0.004671963999953732
42000 0.004782781999892904
43000 0.004938728999604791
44000 0.004969816000084393
45000 0.005422276999979658
46000 0.005324061000010261
47000 0.005419192999852385
48000 0.00554176900004677
49000 0.005597790000138048
50000 0.0056634879997545795
51000 0.00585648600008426
52000 0.006049013999927411
53000 0.006057828999928461
54000 0.006214589999672171
55000 0.006431802999941283
56000 0.006408890000329848
57000 0.006530061999910686
58000 0.006760188000043854
59000 0.006964118999803759
60000 0.006854723999822454
61000 0.006955404999644088
62000 0.007136592999813729
63000 0.007292546999906335
64000 0.007584272000258352
65000 0.0074553059998834215
66000 0.007810648000031506
67000 0.007683828000153881
68000 0.00799638300031802
69000 0.007969662000050448
70000 0.00801312900011908
71000 0.00862291399971582
72000 0.00838680500010014
73000 0.008391572999698838
74000 0.008631088000129239
75000 0.008694314999956987
76000 0.008754459000101633
77000 0.00883990200009066
78000 0.008959102000062558
79000 0.0091089219999958
80000 0.009506098000201746
81000 0.009337454000160506
82000 0.009647425999901316
83000 0.009488857999713218
84000 0.00967171000002054
85000 0.009775829999853158
86000 0.00982490400019742
87000 0.010052768999685213
88000 0.01016239399996266
89000 0.010232374999759486
90000 0.010554866999882506
91000 0.010467763999713497
92000 0.010784736000005068
93000 0.010650913000063156
94000 0.010734996999872237
95000 0.011148753000270517
96000 0.011060017000090738
97000 0.01144802900034847
98000 0.011258204000114347
99000 0.011776048000228911
100000 0.012103246000151557
